1000
158 364
853 716
542 340
597 742
727 551
439 975
171 622
173 44
166 257
200 658
583 330
783 251
222 160
963 916
140 561
292 4
412 71
922 110
924 38
218 461
954 645
741 501
942 959
161 921
988 270
534 25
738 43
766 810
424 966
268 161
847 631
132 436
830 980
720 426
786 172
900 158
33 607
945 892
228 507
376 323
349 238
268 866
973 281
63 673
428 830
155 918
445 405
712 412
721 196
374 886
974 921
27 332
129 340
375 946
143 702
434 316
774 780
524 4
793 386
977 392
563 537
251 157
608 114
197 418
82 795
264 650
918 116
814 582
680 978
494 401
122 366
785 538
530 273
351 942
348 682
838 90
110 99
380 387
59 441
788 246
191 458
375 90
957 983
508 555
871 942
960 472
977 245
906 467
899 589
261 652
373 292
338 995
101 610
562 791
436 927
773 794
67 568
421 518
281 399
922 796
840 202
889 310
900 739
843 153
848 681
639 844
513 587
410 909
107 862
690 756
753 299
951 797
952 325
44 509
932 635
428 365
269 965
536 808
198 842
673 754
418 731
592 639
733 266
76 208
123 260
645 881
345 882
945 565
830 687
556 791
327 881
436 219
526 716
88 59
32 0
832 1000
810 472
160 425
642 214
660 374
421 910
976 762
192 713
944 250
438 370
931 353
267 922
653 98
256 498
191 842
202 786
996 458
289 133
521 267
229 443
311 461
283 465
632 673
656 162
432 841
521 909
340 865
401 259
144 372
117 583
893 193
97 425
196 275
288 494
842 172
68 618
422 98
683 872
25 833
944 48
934 165
779 63
152 465
21 255
214 724
454 58
436 567
483 64
501 698
570 93
160 678
379 326
4 549
133 832
969 723
381 317
58 360
187 885
873 236
744 661
260 673
155 505
733 151
772 183
11 812
56 227
978 204
966 750
577 121
366 805
732 503
672 303
456 933
941 446
730 262
827 413
979 843
59 528
152 76
960 239
656 15
949 275
723 438
541 787
12 696
595 804
256 275
107 263
807 228
244 373
91 301
909 311
365 169
19 283
203 741
160 285
927 73
458 49
758 478
404 931
693 789
574 601
146 142
149 843
885 639
786 254
312 586
477 73
714 425
635 157
588 159
128 296
350 796
14 976
846 690
968 859
826 962
748 991
204 149
584 79
499 186
472 762
93 821
137 809
144 487
988 88
205 140
206 636
753 626
530 177
211 113
291 110
916 612
572 789
425 548
308 666
20 942
751 795
654 384
871 14
550 71
906 301
621 908
380 60
51 317
192 124
8 263
281 146
34 510
249 101
680 61
395 684
855 340
287 71
82 925
511 113
178 204
967 515
332 420
221 244
199 197
410 988
529 596
962 81
286 732
465 791
92 621
711 872
501 396
229 538
668 234
536 914
253 751
965 474
766 579
474 990
917 963
806 753
55 37
469 420
866 932
652 744
393 361
26 624
962 694
471 692
628 375
743 352
151 945
706 470
15 758
677 16
282 354
811 431
5 250
588 324
741 394
724 870
303 893
497 460
332 926
657 791
109 82
370 549
958 65
744 293
372 534
538 173
409 747
808 54
729 577
684 816
175 920
874 629
681 764
859 83
273 90
174 643
930 567
444 486
381 759
379 284
320 961
884 227
975 561
400 150
300 93
240 630
793 209
246 448
846 999
230 60
212 822
161 286
364 243
903 67
162 983
865 277
217 28
859 70
423 583
994 62
403 554
384 835
454 271
999 834
782 88
108 612
141 798
707 48
88 999
62 112
344 799
732 393
412 204
785 517
293 648
420 362
975 448
92 949
114 218
504 788
140 736
578 142
616 536
444 70
713 927
561 42
266 105
994 777
918 423
565 770
423 220
317 440
557 740
722 615
293 944
416 598
769 582
629 654
756 393
220 194
776 63
944 459
830 114
410 597
149 562
486 424
948 78
10 178
687 67
478 867
11 768
867 312
446 740
575 334
713 94
369 345
278 446
344 621
503 137
489 44
720 973
416 729
301 571
101 749
299 72
685 659
652 998
208 264
882 797
903 496
469 145
497 205
355 524
802 384
51 594
955 332
170 210
400 325
483 154
412 79
261 806
306 70
894 368
805 283
449 544
154 636
37 420
165 214
606 748
679 583
537 210
810 963
504 38
802 774
789 386
37 653
372 322
894 102
920 127
31 279
457 981
781 584
999 633
950 101
765 775
982 117
589 288
745 930
331 692
632 760
814 870
28 443
95 883
645 881
536 159
216 125
407 47
350 148
494 334
168 617
555 676
830 604
868 763
521 782
518 877
748 626
246 577
182 449
622 426
340 450
53 393
701 513
204 687
12 468
434 387
362 536
838 49
196 253
864 348
323 825
801 712
124 368
280 789
572 221
11 154
669 983
877 123
573 364
476 783
830 868
823 494
609 390
670 174
695 463
364 395
347 121
643 848
115 375
936 893
491 67
789 420
908 837
913 488
138 413
991 427
448 63
963 723
412 0
40 271
792 20
721 827
804 553
642 79
189 689
798 113
977 55
407 842
712 963
427 666
980 894
710 651
157 161
455 455
83 209
338 294
67 838
54 609
382 495
124 206
193 479
219 248
286 539
249 978
852 501
721 473
896 587
526 489
571 922
201 173
620 149
678 673
481 12
580 344
728 80
552 705
298 834
912 937
954 161
103 328
947 242
391 32
701 505
999 919
472 26
665 405
560 442
312 511
845 505
809 473
556 258
846 314
109 763
90 391
995 794
216 869
263 108
335 41
158 743
147 385
232 753
341 314
662 737
216 650
611 459
553 481
4 208
594 925
26 607
65 194
907 388
764 307
179 672
278 834
576 358
130 751
337 564
823 636
901 498
242 872
556 879
656 223
225 662
316 427
621 685
178 235
938 391
327 295
926 898
981 520
213 225
828 669
917 577
733 151
793 418
226 963
629 955
57 862
117 372
198 653
52 914
70 245
78 744
681 425
847 673
764 581
606 979
526 680
420 301
996 805
71 744
146 854
364 2
465 195
589 587
888 905
121 599
948 795
70 468
532 764
931 5
515 336
510 273
172 322
474 106
832 55
220 950
438 743
410 993
412 800
238 372
432 695
217 498
842 290
871 78
782 376
18 564
889 415
160 525
444 77
21 811
556 732
937 856
676 770
532 286
735 623
472 286
338 740
370 698
290 452
451 850
734 476
798 935
898 816
71 700
152 162
653 360
988 501
197 983
157 16
139 166
830 184
381 174
253 493
728 266
189 896
262 872
623 279
868 300
324 582
975 259
306 3
542 619
775 341
195 669
583 301
224 776
129 843
602 377
17 821
21 337
202 488
771 200
881 205
147 557
515 388
347 481
108 437
39 49
392 596
138 10
849 650
425 441
628 799
455 315
198 855
895 493
557 523
657 973
868 619
464 463
113 221
417 871
900 831
548 562
820 186
713 125
518 292
968 882
884 89
806 110
704 139
572 708
44 548
350 818
612 620
969 904
62 378
626 223
746 229
383 459
396 343
91 686
83 933
718 941
755 62
470 229
963 956
926 348
491 5
294 389
73 987
982 477
399 50
960 355
380 621
442 904
963 928
455 592
234 953
660 383
395 699
279 369
10 55
412 902
549 649
883 364
141 760
147 848
663 479
356 637
936 727
533 772
454 850
470 30
327 467
627 363
527 760
808 514
610 869
397 311
171 806
50 972
902 132
489 661
487 740
501 401
272 743
787 7
841 119
283 477
648 66
832 692
165 640
115 405
187 827
566 641
608 173
688 403
843 294
409 892
540 752
561 800
384 541
975 535
919 855
792 166
149 280
867 835
894 43
8 73
101 771
251 818
408 756
696 935
912 646
159 967
51 270
247 6
730 731
722 874
254 951
165 620
511 374
644 117
326 780
776 571
113 547
897 484
950 399
457 334
458 527
639 171
551 625
691 217
432 390
559 197
979 201
0 381
17 765
517 317
171 965
717 975
973 204
328 878
380 52
104 657
28 14
328 714
868 517
832 858
543 13
75 337
313 710
434 489
209 661
627 806
643 821
352 117
301 2
956 420
939 976
514 982
834 862
90 191
657 690
297 436
49 93
768 43
250 156
350 798
499 685
291 406
310 410
946 652
919 875
571 396
899 529
783 882
281 826
903 856
609 992
991 218
132 329
986 927
80 322
585 392
25 666
676 801
248 631
776 458
102 23
342 273
834 917
283 482
710 603
120 350
978 374
35 228
107 630
719 253
924 829
519 437
798 905
800 594
891 430
603 438
268 591
556 382
143 913
606 194
861 833
953 711
316 835
829 246
755 108
281 476
932 342
217 799
81 173
322 780
909 649
404 48
293 397
345 236
998 870
353 661
198 155
984 624
740 739
723 139
783 85
630 908
86 428
289 689
12 451
756 477
597 177
701 502
454 263
490 742
660 506
344 74
61 890
180 702
399 27
346 734
833 352
101 250
667 959
296 282
924 659
462 255
756 6
699 772
224 952
89 930
426 850
412 918
777 823
565 413
535 478
544 410
210 174
618 658
722 854
75 308
78 454
977 282
11 438
884 646
273 964
684 750
892 771
